source_surf = .false. 
xs =192015.0
zs =248162.0
source_type = 1
time_function_type = 8
name_of_source_file             = ./DATA/STF_000004
burst_band_width                = 0.
f0 =0.084
tshift =0
anglesource = 0.00
Mxx = 1.000000
Mzz = 1.000000
Mxz = 0.000000
factor = 1.000e+10
